X0,X1,y
-5.19811281863,0.641869316394,0.0
-5.75229537839,0.418627111389,0.0
-10.8448983723,-7.55352272656,1.0
-4.57098483428,-0.801017406256,0.0
-3.51916215294,0.0393448960467,0.0
1.60391611024,0.76388040606,0.0
-9.75157356659,-5.20302619818,1.0
-11.5102363503,-4.16284321381,1.0
-7.72675794865,-5.86656563392,1.0
2.67656738929,3.29872756216,0.0
4.77999644954,-0.324431931393,0.0
1.07779207477,-0.249996676082,0.0
-8.55545130096,-5.03536800342,1.0
2.15986391648,1.12015299878,0.0
-8.81718974887,-4.57925633667,1.0
-2.53816169626,-1.4182733283,0.0
2.83536620053,1.77322804947,0.0
1.1291553255,-0.837076678497,0.0
-8.89314980318,-5.32749594217,1.0
-7.03528545634,-4.63489972787,1.0
-9.29099544811,-6.1100153262,1.0
2.21953087978,-0.142029641838,0.0
-8.99293921155,-4.79926944406,1.0
-3.773339048,-0.0510113945322,0.0
-8.14569116664,-7.00119495482,1.0
-5.00011835691,0.233282298375,0.0
3.14599764761,-0.932758463381,0.0
-4.04728854047,-0.288067911264,0.0
1.70176102293,-0.701595231968,0.0
-8.82010859252,-6.84538977161,1.0
-5.30507372892,-0.944171854164,0.0
-9.46443676635,-6.54065724834,1.0
-5.35587873933,-0.586857894094,0.0
3.5761085352,1.16943691658,0.0
2.13449412187,0.121132780461,0.0
2.58618240098,0.95698052691,0.0
1.57296398202,-1.07027991168,0.0
-4.71325938138,0.186891885657,0.0
1.46477178863,0.404016951542,0.0
-9.02269472924,-4.36569825976,1.0
-10.8136022788,-5.04952533024,1.0
-8.14779821022,-4.87882127717,1.0
-5.38756058032,-1.15816434781,0.0
-5.63742415857,-0.353277794524,0.0
2.36094756811,1.85690633065,0.0
-8.09421585078,-5.77492739339,1.0
0.869730977126,0.89499301584,0.0
-10.4308506682,-6.23408436803,1.0
-5.23691850313,-1.04303625628,0.0
-4.37531267947,-2.10082622659,0.0
-3.34284332164,-0.722574690528,0.0
-4.40215224959,0.616507971962,0.0
-8.40590105759,-4.7955702715,1.0
-9.95664536423,-6.05212388641,1.0
-4.79076647718,1.81415488425,0.0
1.51148865333,0.0899043565633,0.0
-8.53616394179,-5.62584391342,1.0
-5.12343603801,1.32538006734,0.0
-4.13743985096,-0.963477744991,0.0
-6.10922429968,-0.7656151302,0.0
-3.95528298389,-0.488341693211,0.0
-10.0764500364,-5.39992424977,1.0
-2.56186270302,1.84274465299,0.0
3.36529683104,0.471092278395,0.0
-3.413860228,0.368028800729,0.0
-4.47297548338,0.145485921886,0.0
-8.98110430216,-5.74665898811,1.0
2.61049998614,1.3200199161,0.0
-5.49835299637,-0.544928126155,0.0
-3.22198163733,0.951099007049,0.0
-4.62046129034,-0.458341242121,0.0
-5.64121439066,-0.322649501756,0.0
-4.74861863404,0.32379036015,0.0
2.25620982948,-0.578448069966,0.0
-8.42457832006,-5.32264663555,1.0
-3.16081739559,0.679834271337,0.0
-3.58140189946,0.807567453016,0.0
0.658655289931,2.11618673808,0.0
2.69118899473,1.15857535113,0.0
-4.46840116605,0.152479983861,0.0
-8.80319677918,-5.58624956873,1.0
-9.37828481426,-3.6650805775,1.0
-4.66758996486,-1.38384180553,0.0
1.21075961745,1.09095137727,0.0
-8.73137197929,-4.58696868391,1.0
1.6650454196,0.0930597474252,0.0
3.03523342606,0.745903145583,0.0
-9.45017910586,-5.92527748823,1.0
-9.34512381094,-3.51892440455,1.0
-9.45849879383,-4.52219959578,1.0
2.93334124007,-1.96021370965,0.0
-6.46941178504,1.16634328606,0.0
2.04344080381,0.377299650936,0.0
2.26412271191,2.00921060285,0.0
-5.74738558227,0.130355535491,0.0
-6.29807301115,0.509575694375,0.0
2.787875171,0.388164042814,0.0
-3.41203392791,0.626257207504,0.0
-4.03981563956,-0.3515311729,0.0
-9.93761365123,-3.86809799564,1.0
1.94660943901,0.763432606061,0.0
-6.86709208736,-5.76683260109,1.0
-10.0908107738,-5.46953483388,1.0
-4.1407299311,0.57035448148,0.0
-9.80859617849,-6.94302621464,1.0
0.717681383949,-0.0519338349316,0.0
-3.41206614324,2.41803969576,0.0
1.70924212962,-0.088474009591,0.0
-8.90198359103,-6.45154398996,1.0
-4.80316320704,-0.875929980447,0.0
0.818431797044,0.641427636627,0.0
-10.556140857,-5.978412344,1.0
-8.97184027697,-6.04211723413,1.0
-9.25568068222,-6.74403162408,1.0
1.66023334805,2.35055645029,0.0
-2.8209887239,-1.00382331413,0.0
1.60857713588,0.377270229205,0.0
-4.49980054014,1.96983522372,0.0
-4.108382592,0.196287192906,0.0
-9.98575210433,-3.98110374634,1.0
1.75211639663,0.48648259247,0.0
-5.16673805663,1.90978656037,0.0
2.22193346276,1.6935049012,0.0
-7.61322185861,-5.59064354911,1.0
-4.07579878792,-1.15709087969,0.0
2.68854713766,0.795319801038,0.0
-4.79179953703,2.06575525363,0.0
-4.23785583644,-1.08314753185,0.0
3.19576714374,-0.0419207257209,0.0
-10.4877526051,-4.92309942662,1.0
-9.62501634934,-6.74268055479,1.0
2.14516934782,-1.51248841119,0.0
-8.54606245765,-8.34464530814,1.0
1.42308682224,1.33343994516,0.0
-3.16670726265,0.310952571006,0.0
-4.64456744542,0.819967909636,0.0
-8.40387718756,-4.55445763128,1.0
2.40318159546,0.194660590304,0.0
1.11509359295,1.08031241366,0.0
-5.49667793429,-0.0658459437416,0.0
-4.85105017344,1.21337128482,0.0
-4.27869513574,1.29435251291,0.0
-5.36832642415,-0.629023975754,0.0
1.89265883392,2.23854540114,0.0
-3.84770394401,-0.975201067126,0.0
-8.5717576177,-4.10354394441,1.0
2.36319469912,-1.07031490017,0.0
-4.13999493218,0.380623658528,0.0
-9.47339575614,-6.61209141647,1.0
1.21892153384,-0.0138684714511,0.0
-4.1784720751,-1.76806305856,0.0
-3.62269236885,-0.969193979341,0.0
2.47077015424,-0.371626353202,0.0
-9.13383867265,-5.14970278146,1.0
3.47323778504,-0.0058630093661,0.0
2.64974432621,-0.0606119849326,0.0
-8.71693851742,-5.10167199991,1.0
2.67000612983,-0.354921801774,0.0
-8.38476217161,-5.70028638165,1.0
3.32907457142,-0.209178596277,0.0
2.57757261985,0.182526130925,0.0
1.52466102195,-0.966172393012,0.0
1.30277252232,-0.776904843748,0.0
1.60101377648,0.6566322744,0.0
-10.7669586888,-4.06086842684,1.0
-8.50973656308,-5.54822200611,1.0
-3.07287245217,0.952161645896,0.0
-9.27536209352,-7.83167653215,1.0
-8.54813623122,-4.80053721626,1.0
-5.30996951931,0.554159014325,0.0
-9.88722799584,-3.70388985236,1.0
-7.31258293566,-3.98655995661,1.0
-3.83718514854,-0.92369340859,0.0
2.30668940524,1.22910892459,0.0
-3.66714702399,-0.0820825483525,0.0
1.806713254,0.217372067091,0.0
-8.45610839901,-5.29489291423,1.0
-4.07128631677,0.514712490286,0.0
-5.02865781463,-0.476547885918,0.0
-4.98220605151,0.16499566139,0.0
-7.80336672022,-0.636160794723,1.0
-9.35032028091,-6.14099145355,1.0
1.39401588286,0.797214259843,0.0
-3.75701802248,-0.664481413641,0.0
-5.98604509008,0.405380843926,0.0
-5.87361499167,0.143740061289,0.0
-7.84810621174,-6.09251790586,1.0
-6.17716454751,0.987925926812,0.0
-2.87736000043,0.676605584385,0.0
-3.08641184678,-0.772943836859,0.0
2.49963637502,-0.114037441336,0.0
-4.11976276031,0.278281159501,0.0
-8.17417126449,-5.08617456724,1.0
-3.30524593679,1.42933154307,0.0
2.03314397026,-0.216888539501,0.0
-8.33696091798,-5.96043566137,1.0
1.44104833775,-0.955730704638,0.0
-4.72811666992,0.522979451298,0.0
-10.4116368023,-6.05236638126,1.0
1.41364062616,0.257293327966,0.0
-8.02594959418,-4.10844803566,1.0
1.79566114672,-0.516336891283,0.0
-7.09699830154,0.205051705695,0.0
-8.39351314713,-6.0996272762,1.0
-7.93429120562,-5.19239892309,1.0
1.16816925136,1.93303227255,0.0
-5.41853216925,0.556335796929,0.0
-8.59343240511,-5.480609502,1.0
-10.857146707,-5.99525686055,1.0
-3.79533502453,0.766218165982,0.0
3.10362984838,0.529198170425,0.0
1.28476676896,1.07201161524,0.0
-5.65286668432,-0.642044877839,0.0
-9.34305076183,-5.25349023101,1.0
2.1811635777,1.67424687401,0.0
-5.11381283006,0.726296995257,0.0
-4.94192096012,1.57857671372,0.0
-5.65215118818,0.232101764176,0.0
-7.741933136,-4.7842609334,1.0
-5.34968946334,-1.77258315617,0.0
1.67427657562,0.921082271267,0.0
1.82658044616,-0.224610068168,0.0
-8.92083946829,-6.96628503316,1.0
2.11484346909,0.399436479236,0.0
1.21533010698,1.04184470233,0.0
-2.96397973989,-0.0630983761898,0.0
1.77628565819,0.350573784952,0.0
-8.77111728712,-4.83848869304,1.0
1.68668701674,0.918637291271,0.0
1.73325735505,-2.3470075537,0.0
-5.45001989436,-1.10145924552,0.0
-4.07976875813,1.51105634773,0.0
0.00494179023636,-0.32582867358,0.0
-4.65556483846,-0.687067453344,0.0
-3.22523475697,0.0535164371161,0.0
-4.14594833118,-1.26896016563,0.0
-9.19399947863,-6.62115764316,1.0
-8.19110076886,-5.85989014728,1.0
2.10285902239,0.516259388507,0.0
-4.9681021908,1.09611523879,0.0
2.19374789646,1.17293679331,0.0
-3.60553668708,0.456429743978,0.0
-3.97557272284,-0.889075199688,0.0
-9.65362225255,-6.12507245933,1.0
-9.19419436896,-5.89227196716,1.0
3.4291372059,1.90670458039,0.0
1.72265662583,0.361332937273,0.0
-9.99568368593,-5.95573323391,1.0
-4.30465571044,1.51514074833,0.0
1.64494880224,0.511528148679,0.0
-9.79755455884,-6.6078450861,1.0
-10.262683901,-7.1992854597,1.0
-8.53447433862,-4.76741427632,1.0
-9.1998848096,-6.28821410714,1.0
-8.74932949661,-6.66339345999,1.0
-9.65768679736,-7.54334833797,1.0
-7.93906991735,-6.26664948805,1.0
-4.33766659587,-0.110503877016,0.0
0.886723453235,-0.938270880577,0.0
-5.30585540944,-0.404573756983,0.0
-8.03026507213,-5.4939597434,1.0
-3.97344275986,-0.213463134127,0.0
-8.05808205757,-6.96587999385,1.0
2.31912987078,1.69816808875,0.0
-7.81595650827,-5.80225832197,1.0
1.317680283,0.0678860481072,0.0
-8.99925240369,-7.20067024991,1.0
-6.88594698643,-5.72429773021,1.0
-3.38794537837,0.553173380538,0.0
-3.98856144821,-1.15793787474,0.0
-9.39436219382,-5.77436518319,1.0
1.30960581535,1.19464349477,0.0
-9.87697819948,-6.82851017232,1.0
2.29636364733,0.253180723165,0.0
3.20316756954,1.14276204813,0.0
-5.38122313481,-0.634188520644,0.0
-4.28685780296,-0.130362460111,0.0
-10.2117125373,-5.19510809895,1.0
-7.38208965213,-5.63410664595,1.0
-6.02075815459,-0.58607757684,0.0
-10.4962806256,-6.49184706917,1.0
-9.05804783969,-5.90633400684,1.0
-7.58567966287,-5.34131162631,1.0
-4.05279768726,1.96371605019,0.0
-4.57383461089,0.324502994712,0.0
0.297202427265,0.155856637082,0.0
-5.15671142036,-0.720664640977,0.0
-3.79638168461,0.197646011851,0.0
-8.02688435106,-6.4238566766,1.0
-7.69319877468,-5.16204407281,1.0
-4.50332458211,-2.58152135525,0.0
-8.1323888493,-5.59318862608,1.0
3.54738802431,1.43909552283,0.0
-4.67155105807,1.2096007944,0.0
-4.36194971079,-0.31890213657,0.0
-9.73941572016,-5.28814011239,1.0
-7.85059801465,-4.76016422397,1.0
-5.46843211923,0.0896616408748,0.0
1.95956908767,1.03936415156,0.0
-7.98777609737,-3.86992736517,1.0
0.662063129226,1.59309694215,0.0
-4.47458016653,0.311026488782,0.0
1.39790978293,0.53261739902,0.0
-5.6966145013,0.986311674096,0.0
-5.06896315268,0.243652165217,0.0
-8.77706655678,-4.57375379416,1.0
-7.52152122337,-6.04594046747,1.0
3.02085903866,1.46338895933,0.0
-10.3012608899,-6.06118221368,1.0
1.91338246065,-0.821169343415,0.0
-3.0967765608,-1.31020341754,0.0
4.10966645659,-1.88226558218,0.0
-7.93356063975,-6.36279599723,1.0
-4.74255200953,1.2488288612,0.0
1.58200912906,-0.0322948725245,0.0
1.62774376323,0.0735902856531,0.0
-8.96391468296,-4.51461285662,1.0
2.01103607745,-0.45256556024,0.0
2.0028427731,-0.330072654061,0.0
1.83386584626,-0.224523997286,0.0
-9.34153235908,-5.49956830504,1.0
-3.76037733049,1.10232955789,0.0
2.89281565574,-0.606471971461,0.0
-8.07730993973,-7.0659252004,1.0
0.568489493201,-0.0503691061224,0.0
1.11808186627,2.01559420953,0.0
-7.74096255824,-6.56411388923,1.0
1.2006688986,-1.53142259768,0.0
-9.70582316107,-4.81551855875,1.0
-8.24672450336,-5.48040256838,1.0
0.576435497578,1.27309270323,0.0
-3.35468715553,0.159276940165,0.0
-9.48565386974,-4.97656553317,1.0
1.13170587273,-0.44179421544,0.0
-9.14207867722,-4.97173212383,1.0
2.62924079607,0.557754127809,0.0
-4.65059774819,-0.78493499547,0.0
-4.14724840227,-0.512187414869,0.0
0.469955069588,-2.6141098867,0.0
0.500628086137,-0.113996971042,0.0
-4.61495599908,-0.856050132307,0.0
-8.80781993479,-6.47034559657,1.0
-9.04639429929,-5.23285120987,1.0
3.63794155232,-0.0116852722053,0.0
-9.55826026585,-4.20713058257,1.0
-8.41501116075,-6.35974592221,1.0
-7.315257853,-5.11158844862,1.0
-8.10344314499,-6.07329816661,1.0
-7.83732265392,-5.02986988952,1.0
-4.76662864224,1.19824494252,0.0
-2.65115471849,-0.691828646985,0.0
-3.98940716767,-2.12213948052,0.0
-3.37003076557,-1.38197349763,0.0
1.09068041941,-0.579030973191,0.0
-4.56926285474,0.285629383166,0.0
-10.3558864303,-6.20504963103,1.0
1.84793825443,-0.165243994777,0.0
3.13173488969,-0.0688804355209,0.0
-8.97648348601,-4.20618507486,1.0
-4.51766506801,0.735057991803,0.0
-4.33625594488,0.612293731883,0.0
-9.15760417923,-5.17106168558,1.0
-9.19152795385,-5.73763572159,1.0
-7.66798467348,-7.10824783666,1.0
-5.54075856675,-0.260176069809,0.0
-4.08684708755,1.03358627445,0.0
0.971689803834,1.09049142862,0.0
-8.36765996262,-3.69571025527,1.0
2.30496315388,0.417572574442,0.0
-9.21760479032,-5.46475932131,1.0
-11.0827866261,-6.76013023072,1.0
-9.1008025429,-5.267445212,1.0
1.6726921612,-0.357732438991,0.0
1.15610879058,0.519502569297,0.0
-3.92365361783,0.570331596031,0.0
0.674413406072,1.44923558402,0.0
-3.34669533468,0.774141637411,0.0
1.32046167125,1.85165690386,0.0
2.25922799888,-0.967804407635,0.0
-10.6741727765,-5.04376223924,1.0
1.20013943343,1.31467292112,0.0
-8.50440649224,-6.69035163921,1.0
2.01736479526,0.018348765744,0.0
1.99642058903,0.188307766978,0.0
2.94378481962,1.87266010484,0.0
0.851743289681,-0.386245557508,0.0
-4.82672664951,-0.390452250642,0.0
-7.06813819277,-7.04235604984,1.0
-3.86670458433,-0.726157244473,0.0
-8.2644615615,-4.6988357165,1.0
-8.24001634231,-5.49910683841,1.0
-5.36011515721,-0.517664984983,0.0
2.7099104319,1.3231844533,0.0
-7.51148381804,-6.00051045795,1.0
-9.81955569494,-4.05532851564,1.0
0.523529807138,-1.30243292342,0.0
4.52684082019,0.902153054381,0.0
0.869299932197,0.156296668773,0.0
-6.03724131353,-0.161170219702,0.0
-5.00226791513,-0.241843937828,0.0
-8.440472334,-5.18709244471,1.0
-7.76170590604,-5.31293946138,1.0
-8.33738246876,-5.00481967757,1.0
-8.18025975973,-8.05058169171,1.0
0.951952864425,-0.0936204227018,0.0
-9.29069818124,-5.68172585764,1.0
-7.93717817506,-4.51445351169,1.0
-10.0544841407,-5.43639285248,1.0
-9.4742927651,-6.41734771473,1.0
-9.86479963424,-5.33317901281,1.0
0.85435039131,1.08881366906,0.0
-9.77231363707,-5.69261780102,1.0
-5.28464307006,2.11307058583,0.0
-4.48232469527,-1.12451545284,0.0
0.686733012039,1.21582578025,0.0
-9.51338803871,-5.5969509141,1.0
1.46158653175,0.553089895623,0.0
2.64631668923,0.554569953905,0.0
-5.83386275579,-0.518687914845,0.0
-11.1003989297,-6.33797940068,1.0
-10.0273174655,-5.82024857497,1.0
0.88959152133,1.67298801088,0.0
0.423421929382,-1.05628627114,0.0
-8.49813841845,-5.44012213192,1.0
1.81909094863,1.25772531601,0.0
1.20369940539,2.28914113412,0.0
-7.54102279455,-5.17355456902,1.0
3.03676397176,-0.287915841809,0.0
1.44465397963,1.15905904525,0.0
-4.96142002177,0.695611117117,0.0
-5.64448111851,0.639833989559,0.0
-4.83004161392,-0.963476813125,0.0
2.56485745024,1.37216132724,0.0
-7.56750975055,-5.61428792129,1.0
-2.98692568357,1.24602991991,0.0
2.91708086618,-0.145975961511,0.0
-9.95877647587,-6.64905880889,1.0
-4.91774891107,0.635990950106,0.0
-10.285342576,-6.54228303001,1.0
-5.76491630914,-0.661805517264,0.0
0.990759421766,2.01918602336,0.0
-9.3947225719,-4.39416545851,1.0
-9.60198273646,-4.61595140588,1.0
-8.76398339068,-4.45540143636,1.0
-2.39918390182,-0.281281269373,0.0
-4.78973457618,1.13944015723,0.0
-8.28952795855,-4.10333001098,1.0
1.51590336211,0.600754707706,0.0
1.24892803213,1.53146505337,0.0
1.9589338782,0.573947480707,0.0
-6.06738546591,0.989664582647,0.0
-8.94624206654,-6.91458240314,1.0
-8.55647910898,-4.79796052281,1.0
-8.58183042632,-7.22256161291,1.0
-4.38604796745,1.15746756827,0.0
-3.52210174824,-0.0686289147241,0.0
2.35764010339,1.09237939916,0.0
-5.6998939602,1.47396502143,0.0
3.31828701699,0.586658953098,0.0
1.51783971258,-0.388913817404,0.0
1.71172740554,-0.943413946521,0.0
-4.64149257034,-1.15077695758,0.0
-8.56483886356,-5.24827719238,1.0
2.89450307046,-0.805337694001,0.0
-8.81127600929,-6.1193182658,1.0
-4.22679567569,-0.976343457274,0.0
-4.25075969322,-0.535281338925,0.0
-0.0820106123346,0.534287327195,0.0
-4.97514133997,-0.281009612056,0.0
1.42743389531,0.827198429897,0.0
-0.201737255784,-0.734323128899,0.0
2.21103180362,0.957575827429,0.0
-5.49624339595,-0.448662064981,0.0
-8.54689292148,-5.79383690142,1.0
-8.80104113925,-6.49128007755,1.0
-3.3041503812,-1.04353948546,0.0
1.6240301317,2.28774684765,0.0
-4.32057576781,1.49350905787,0.0
2.57912443335,-0.731761003626,0.0
-4.13234580105,0.159741167175,0.0
-4.82665190813,1.61719597689,0.0
-8.99944365904,-5.14563565822,1.0
-4.72756846053,-0.0468139759506,0.0
-9.02666243374,-3.94463015607,1.0
-5.81200551066,-0.0569818303726,0.0
3.12995675344,-0.098051363433,0.0
-10.7404905773,-4.84218304706,1.0
-8.91779650394,-4.23733714963,1.0
-9.56777985205,-5.99886781801,1.0
-4.66814563361,0.704568975576,0.0
-10.2492341403,-5.91245382666,1.0
-4.3995590735,-0.224362186836,0.0
-8.17760140393,-5.24790965463,1.0
-9.28104195541,-6.59777476319,1.0
-9.64588225103,-6.27518734286,1.0
2.11663655528,2.10569536274,0.0
2.08090675964,0.802384910129,0.0
-8.22341578192,-5.76973441489,1.0
1.43929840473,2.0204399587,0.0
3.34846120611,-0.931786276537,0.0
0.955832796256,-1.25451620137,0.0
-6.42773953502,-5.17835675561,1.0
-7.48878714618,-6.37956611963,1.0
-7.63554972793,-6.30774222205,1.0
-9.52805868477,-4.39144809592,1.0
1.58945138382,1.49052677173,0.0
-10.0301279778,-5.14098073544,1.0
-4.09869035967,-0.834642659593,0.0
-8.12102210223,-4.30028198021,1.0
1.80005132147,0.652567745361,0.0
-8.0385596606,-6.26722063034,1.0
-3.39878454282,-1.29676664571,0.0
-4.22809210466,-1.34361222138,0.0
-8.62577630466,-4.35871586875,1.0
-9.5222471548,-3.74979444098,1.0
-4.87734280802,-1.27521408433,0.0
2.19598498556,-0.57340271175,0.0
0.360432559847,1.98596638696,0.0
2.89455660223,0.296574403802,0.0
-4.45992463319,-0.935097283269,0.0
-8.18856166245,-6.01165672616,1.0
2.38685013577,-2.4575879708,0.0
0.84039662098,-0.721575038235,0.0
-3.40431038725,-0.464225811361,0.0
-5.9349957104,0.380534365327,0.0
-10.304459358,-4.31779283151,1.0
-3.37659292311,0.411778785339,0.0
3.73714312739,1.29158513,0.0
1.29190065274,1.28103030159,0.0
-5.44664709487,0.0386984034063,0.0
1.30858140016,2.17400105391,0.0
-4.42393760543,2.49266465442,0.0
1.1999260342,-1.76475922755,0.0
1.88521719367,0.33815932663,0.0
-10.5978783804,-6.69833142778,1.0
1.95752858527,1.36453399169,0.0
-4.61423743079,0.962632678909,0.0
1.93450084479,0.925949265199,0.0
-2.16452829491,-0.983634087078,0.0
2.09758826454,0.772375935179,0.0
-6.2529380325,-0.2334623677,0.0
2.79159453696,1.16558822605,0.0
-3.04430284529,2.54685184299,0.0
-6.72449849536,-6.25524285485,1.0
-7.36888086515,-4.2788595255,1.0
0.795083623381,-0.278176248095,0.0
-7.28677574331,-5.17754161353,1.0
-7.73525723217,-5.74737512042,1.0
-9.94050398918,-4.95958881074,1.0
1.8356991027,-0.0037910170911,0.0
-2.04530404883,-0.193692100123,0.0
-4.32375856767,1.64242752634,0.0
0.87921197566,1.77799157553,0.0
1.80466495608,1.05557523203,0.0
-9.29250555464,-5.64000809827,1.0
-8.3493185239,-5.44082317514,1.0
-5.54101354631,-1.01672069936,0.0
3.83541496499,0.548451286796,0.0
-4.30262333186,0.598033476884,0.0
-4.82166105298,-0.520786035956,0.0
-9.70944183081,-6.13208205083,1.0
-4.91635917133,0.231034295645,0.0
-10.2701698033,-5.19985119733,1.0
-6.19153026641,0.628539891015,0.0
-8.47144642581,-6.87425099315,1.0
2.55708186292,1.4549683604,0.0
3.05601386712,1.27820167661,0.0
3.78844878939,1.79465030469,0.0
-5.64068794671,-0.470129380121,0.0
-11.0055100406,-5.76446429092,1.0
2.05951014917,-0.0950798526058,0.0
-8.93761189643,-5.00526430443,1.0
1.52812031708,1.34483324298,0.0
-4.61191436625,0.746826969711,0.0
-5.02819922924,1.4852525853,0.0
-9.53811634245,-4.96485352609,1.0
-6.15226753345,-0.62148495656,0.0
-5.38085650817,0.832158523347,0.0
2.94611618636,0.52712147922,0.0
-9.1695828604,-3.93299831793,1.0
-7.96355597516,-5.46700746797,1.0
1.36768805183,1.81633602213,0.0
-11.5147359047,-6.69492441594,1.0
-4.93907810347,0.350703981973,0.0
-8.68106513335,-6.19074065641,1.0
-2.04383267284,1.60191367986,0.0
-7.1943630243,-4.14105555299,1.0
-4.5277642464,1.13539755582,0.0
2.43213250758,0.573326531157,0.0
-8.19958555254,-6.26402609605,1.0
-8.58639565964,-6.07263111143,1.0
-4.4028552965,-0.041569627536,0.0
-4.76634120584,-0.851431390325,0.0
-9.35245256692,-4.53478771618,1.0
2.11160635604,0.157149782298,0.0
-8.34970911954,-4.78908321494,1.0
-4.35047426308,0.00936204166955,0.0
1.64563928444,1.41769033845,0.0
-4.3269203442,1.14855879475,0.0
-7.36171897555,-4.78882735183,1.0
1.40031732011,-1.15117486191,0.0
-4.87314629841,-1.27646123999,0.0
-8.27559307085,-5.8528106003,1.0
2.63884628763,-0.579023798331,0.0
-7.50178277087,-4.70610783876,1.0
-3.3490023136,0.0976188925227,0.0
0.455198259876,0.404832962837,0.0
0.42760485834,-0.256687201018,0.0
3.92629698566,0.125635457501,0.0
1.09984330524,-0.376289014283,0.0
0.964082322363,0.546382990039,0.0
-7.65458648678,-5.68410887111,1.0
1.8266537345,0.491152478927,0.0
-8.72347796393,-5.92499284399,1.0
-0.376345042422,1.16546535706,0.0
-8.63833480457,-6.0994036999,1.0
3.31106739878,-1.49312672886,0.0
-4.60342534714,-0.907172181484,0.0
-5.95736153781,0.576731579718,0.0
2.67487475783,-0.923334620179,0.0
2.56038393434,0.224065284239,0.0
-6.40187073401,-1.34420780532,1.0
-6.26228222859,-0.255282037049,0.0
-10.7475692722,-5.12549569326,1.0
0.599278873511,0.0319083000326,0.0
-5.5894080775,0.311766932975,0.0
-11.216613939,-4.33257789326,1.0
-8.16078948927,-4.11894252426,1.0
-6.16043179207,-4.07376414118,1.0
-8.79856779279,-7.14856001579,1.0
-8.96781334601,-5.50034531112,1.0
0.943052669561,1.17236575531,0.0
-6.52473678425,-0.45912175929,0.0
-5.11128447474,-0.123892065625,0.0
4.10828435495,0.0329937669339,0.0
-3.73269790162,-2.15990195048,0.0
2.41726255268,-0.556364662106,0.0
-8.00403160782,-4.53681603746,1.0
-4.59965745672,-0.134303269735,0.0
-3.74900077514,-1.13258081629,0.0
-0.873316879899,-0.105686752412,0.0
-4.11144711739,-0.510380498179,0.0
-5.53952692412,1.51129710694,0.0
-4.44478938109,-0.955968211091,0.0
-3.68345806707,-1.19205673223,0.0
-7.60401267252,-7.4266859002,1.0
-5.35238795699,1.2984598858,0.0
-4.32898204328,-0.693487874108,0.0
3.08962788371,1.36379285667,0.0
-11.5956963745,-4.79504744587,1.0
3.56022817506,1.40546395879,0.0
-8.86296262259,-6.25389768029,1.0
1.44084138001,-0.0423449488152,0.0
-4.22744713615,1.06042947644,0.0
-9.80130865635,-6.30637076442,1.0
-8.93967251951,-5.38082450417,1.0
-6.21786374371,-0.268635341169,0.0
-4.75005845278,0.542043381714,0.0
-10.6817592114,-5.72627690368,1.0
-0.191314705993,0.748699496646,0.0
1.68052139416,-1.01999975751,0.0
2.10864896614,-0.0627274322572,0.0
-8.1028558933,-5.55167551339,1.0
-4.18635742861,-1.1438411111,0.0
-10.8277857352,-4.42245484872,1.0
3.09194553883,0.608048440516,0.0
-5.52975069277,1.28402380806,0.0
-8.24630415148,-6.37148428197,1.0
-9.21699420082,-4.59712177328,1.0
-4.38879846984,0.771315476324,0.0
-6.28699519102,-0.633819663267,0.0
-3.74885693778,-1.9303541192,0.0
-4.07198551815,0.49302716992,0.0
-4.50497292952,0.389995135982,0.0
0.970902548393,-1.06713259218,0.0
-6.68873895779,1.63255431522,0.0
3.43733219298,-0.1849622531,0.0
-5.85588259131,-0.322021787729,0.0
-5.46571324689,0.468024413565,0.0
-11.0115219349,-5.33732856111,1.0
-4.16783208887,-0.754743687951,0.0
1.06666533229,-0.0230304854313,0.0
-5.6622143745,1.90447553771,0.0
2.0888359825,0.234300141257,0.0
0.839694403823,0.226755815138,0.0
-8.18235128916,-5.28589328614,1.0
1.1757075311,1.93599606937,0.0
-7.37709225817,-6.49024230187,1.0
-6.31020905971,0.400214393022,0.0
-6.92178127311,-6.15892134502,1.0
3.84590817631,0.898793366548,0.0
2.0981606884,0.663736128501,0.0
-7.84157847064,-6.33270792378,1.0
-3.70228887362,-0.217638631677,0.0
3.14888789625,1.43864930166,0.0
-9.86795986175,-4.72101180573,1.0
-10.5108633333,-5.38045617099,1.0
-8.47589482913,-5.48448602281,1.0
-4.72546184318,0.238620020331,0.0
-9.55379524029,-4.90051138605,1.0
2.28927495831,2.29929534792,0.0
-4.42545038704,0.644586205575,0.0
2.27901684939,0.999383931168,0.0
-9.30570781285,-5.05385402996,1.0
1.95050407348,0.306271489313,0.0
-10.1502575373,-4.16585822576,1.0
-9.07413191644,-5.33741205265,1.0
-7.89988386056,-6.23237381187,1.0
-8.89300798189,-4.15620815843,1.0
-4.91419004169,-1.64284938764,0.0
0.832339386887,0.594791060147,0.0
-9.61292909227,-5.9173058565,1.0
-6.40022512377,-0.484281108903,0.0
-4.14852365326,-0.900863969296,0.0
-7.942822873,-5.77222111001,1.0
1.85644084912,0.929513403734,0.0
-8.41592534441,-4.07048486357,1.0
1.79224905832,1.24985423574,0.0
-4.76675880304,0.357430772167,0.0
-5.55421145036,-0.426898152887,0.0
-4.78038153056,0.604710783243,0.0
2.65070962007,0.361075163207,0.0
-3.80990400912,1.80772340906,0.0
1.14363443151,1.27405220055,0.0
1.79349895107,0.605822611129,0.0
-9.58207337132,-6.07946004749,1.0
-9.42127250882,-4.63138602267,1.0
-8.46564783538,-4.92635327393,1.0
-3.93681781002,0.390477170353,0.0
-7.62630997119,-3.03405842521,1.0
1.81009273559,-0.0880140230866,0.0
-9.96630555893,-5.89877717145,1.0
-3.76025707703,0.486311456909,0.0
-9.56324831384,-4.27128723955,1.0
-3.16574195399,-0.245115443977,0.0
-8.54649607555,-3.88668631468,1.0
0.214291001654,1.59966439882,0.0
2.82112239064,0.614315973937,0.0
-9.41312680623,-4.70382878283,1.0
2.62460177137,-0.0219976063074,0.0
-8.05893644728,-5.56422519145,1.0
0.455442045975,1.39209389837,0.0
-5.72035768665,2.86019055681,0.0
-4.58680517988,-0.61667082406,0.0
2.02161253792,-1.0885591816,0.0
-5.29147413491,-0.627564538277,0.0
0.698703096137,-0.220295331071,0.0
-9.64183369129,-6.62568997889,1.0
-2.80478620855,0.218985178533,0.0
-4.23145942723,-0.708170746733,0.0
-3.86204296211,-1.33111500849,0.0
-3.98255119879,-0.0382785885047,0.0
-8.96866916949,-5.70982711213,1.0
1.98498663069,1.81155642142,0.0
1.95531929919,-0.529062068819,0.0
2.55449115034,0.0897413186534,0.0
1.78777653016,1.34894051214,0.0
3.66106195824,0.988121721323,0.0
1.16591171015,0.842755873316,0.0
-10.9212915041,-5.77992102556,1.0
-5.58086248022,2.92595035383,0.0
-4.73856014473,-0.166808449644,0.0
-9.74567278202,-6.68409109113,1.0
2.30559990885,0.00127094933923,0.0
-2.76681179391,0.744268363199,0.0
-4.67092316869,-1.92168333796,0.0
-6.27401033569,0.252357384187,0.0
3.25152081228,1.05285187314,0.0
-5.37765213406,0.118162864011,0.0
-9.05605631541,-5.11616475685,1.0
2.89880699056,0.411489350613,0.0
2.49056624384,-0.127969005548,0.0
-4.06886432788,-0.190810555407,0.0
-5.13803664636,-0.314713139383,0.0
3.86589238392,1.388700183,0.0
1.83035011808,0.60896881608,0.0
-10.9738545516,-4.43314391325,1.0
-7.67201004991,-4.74401708558,1.0
1.40371627492,0.357922941984,0.0
3.87467359288,0.524818867326,0.0
-9.85854601073,-5.87278488089,1.0
-4.80335033772,0.83638113684,0.0
-5.13280189542,-0.680489571853,0.0
-5.59158881164,0.0315643426377,0.0
-4.05278310595,0.232710269052,0.0
-9.47011500054,-6.62882371595,1.0
-5.36455290445,0.480058287454,0.0
2.12432574829,0.0859496481317,0.0
-10.4776546015,-5.46870525059,1.0
-9.25601070275,-5.95618459731,1.0
-2.84906406205,-0.90640890694,0.0
3.03268797693,-0.392890098759,0.0
-7.32865726814,-4.40096436975,1.0
-6.08540443268,-1.29735505167,1.0
-5.66650463971,-1.27833864885,0.0
0.862965899896,-0.496308787281,0.0
-4.6321130284,-0.454824015848,0.0
-8.91009966298,-4.43116689009,1.0
-3.14697851454,0.879642380979,0.0
-7.50774812773,-5.02328088318,1.0
0.709115114012,0.438770748328,0.0
1.56680530082,0.738153133826,0.0
-5.4438320086,1.32627135942,0.0
-5.08560401702,-0.863076655319,0.0
-5.39511786403,0.255990731318,0.0
-4.6652946523,-0.775633028061,0.0
2.75104485107,1.4550433877,0.0
1.86002415009,-1.29678189839,0.0
-4.46898813343,0.77538639708,0.0
-8.72324415456,-4.75561149417,1.0
2.29478593505,-1.22197811542,0.0
1.5321088432,0.371422623538,0.0
-3.74494188796,0.0595943744675,0.0
2.94756790003,0.510572152733,0.0
-3.02008914671,-1.19472789038,0.0
-7.3921753153,-6.03895508731,1.0
-5.10842304494,-1.02554178001,0.0
-9.90609243652,-5.08790035504,1.0
-5.10666852941,0.0204944473532,0.0
-5.25406275155,0.94760511451,0.0
-5.68273077931,-0.46249574759,0.0
-5.58332259161,0.0520873591908,0.0
0.441473906494,-0.92897049981,0.0
3.57562030216,-0.0524004531865,0.0
3.11179487786,0.230336987052,0.0
-4.42522737888,-0.355666786373,0.0
1.65646982733,1.00085036582,0.0
2.09082982298,-0.226260140575,0.0
-8.5268951381,-3.76104770248,1.0
-2.95121440244,-1.62238001559,0.0
-9.06547192151,-6.05695878465,1.0
1.6359757584,1.04080632334,0.0
-4.85139980119,-0.0388233588954,0.0
-3.79927367111,-1.14668672143,0.0
-7.8817547173,-6.31352216583,1.0
0.0579789195167,-0.85973612692,0.0
1.93572455567,1.20248199666,0.0
-4.96086792263,0.803618965392,0.0
2.67777181111,-1.4491786993,0.0
-10.1561538736,-6.95689166549,1.0
2.42105097455,-0.579752328077,0.0
-7.67180374971,-5.75557369155,1.0
-9.0412497636,-5.75036417339,1.0
4.24483591122,-0.571408371459,0.0
1.38354041661,-0.446832367976,0.0
-5.38003177531,1.02761596371,0.0
-4.7561416814,0.738184350458,0.0
-5.07497918897,-1.08567170834,0.0
-9.11409219942,-5.11284845867,1.0
-10.9146233935,-6.4518311087,1.0
-4.84955080954,-1.25304261584,0.0
-3.96448316835,0.175576121947,0.0
-8.36280966342,-5.67699758322,1.0
-4.53437310863,-1.23196133012,0.0
0.985458581529,-0.296278406522,0.0
0.495384175647,1.55750208627,0.0
-8.26079998343,-4.09787258742,1.0
-4.59845572332,0.383947700088,0.0
-8.57486356426,-5.05789425385,1.0
-8.49389322378,-6.65232918438,1.0
-8.41439880342,-4.07373382593,1.0
-8.6268776097,-6.44375339456,1.0
-3.95851545065,1.35604992134,0.0
-6.17950891986,-4.65516157226,1.0
-9.25756242646,-6.09852671648,1.0
1.71497669491,0.695099676833,0.0
-4.51055051246,-0.0968648656855,0.0
-8.42951583896,-7.7492145163,1.0
-3.36164133415,1.23796853149,0.0
-9.29734446531,-6.10748729696,1.0
2.1354403656,1.15173448912,0.0
-9.98872415259,-8.81224501099,1.0
-11.0132202939,-4.08308458312,1.0
0.874382275885,0.463269612488,0.0
3.72973117521,0.559678360359,0.0
1.58724342458,0.254156327162,0.0
2.82229821941,-0.105733457084,0.0
-3.81845606161,1.25865900254,0.0
1.41180536003,-1.42544154599,0.0
-8.93470257584,-4.5617684466,1.0
-4.86651249592,-1.39443831402,0.0
-9.55540848298,-3.48656607885,1.0
-3.41378334148,-0.169052376103,0.0
3.06849885449,0.891400499786,0.0
-9.54786709342,-4.93548300407,1.0
-9.71758418971,-5.58016181756,1.0
-7.81954598938,-2.82965400457,1.0
-5.4991410064,0.222697628573,0.0
-9.37788781013,-7.76077529283,1.0
-7.22191331957,-6.09080608156,1.0
-4.81584896482,0.606568702562,0.0
-3.62571307435,0.497968348558,0.0
2.07777693184,0.39297152559,0.0
2.77696148654,0.801811957092,0.0
2.24314275239,1.49878264847,0.0
-3.98744262434,-0.303137090638,0.0
-8.6805370627,-3.07843344768,1.0
-5.41784214885,-1.48797589301,0.0
-5.23310017365,1.35766737182,0.0
-8.59671597626,-5.87837015586,1.0
0.620519421123,-0.473538280437,0.0
2.12521051024,0.617483676711,0.0
-8.30723927601,-4.08545290764,1.0
-5.16811581669,0.869790536894,0.0
-11.5493343471,-3.07199565188,1.0
1.37781454155,2.01797237758,0.0
3.84212187356,-1.83907379585,0.0
-4.87030923593,-0.23949830871,0.0
-8.3957234918,-6.5698449795,1.0
-8.89964199674,-5.98304687041,1.0
1.71249604628,1.9208181831,0.0
2.39447178057,0.55060082419,0.0
0.930764333922,-1.08085906294,0.0
0.872842192442,0.186202184246,0.0
-5.94134176846,2.25991060358,0.0
-4.94372959669,1.87746128887,0.0
1.71392665988,1.47781516277,0.0
-4.18041450497,-0.665945590801,0.0
1.50581203986,0.984628845462,0.0
-4.46374926335,0.651948644127,0.0
-8.47224130253,-5.15715878949,1.0
-2.78948781643,1.81775365096,0.0
2.05952582434,-0.550283844846,0.0
-4.57662817317,0.630746030355,0.0
1.32316507175,0.511811169001,0.0
-4.56158587316,-0.357335226852,0.0
-4.65347301486,0.68805781024,0.0
-10.4088409169,-5.84105771292,1.0
-11.0017500612,-5.59363760058,1.0
-9.68892622864,-6.23027643985,1.0
0.274877634716,0.109689586478,0.0
-3.00306269428,0.405712289956,0.0
-2.7430159073,-1.18339022086,0.0
2.38223253018,-0.73360481543,0.0
-8.36240279851,-6.32873113078,1.0
1.59100374784,1.32666512637,0.0
-4.43423886755,-0.969699342726,0.0
-9.08090998752,-6.65166379448,1.0
0.823723532192,1.13798637645,0.0
-2.92636884447,-0.634042109711,0.0
1.65527459185,0.699403043199,0.0
-8.70738757796,-6.05745217903,1.0
-9.11493670814,-5.26221932239,1.0
1.33726984669,-0.873518571124,0.0
-9.72598996109,-6.5261824433,1.0
-3.60906431866,-1.08621621696,0.0
-2.91238704297,0.0266214465727,0.0
-4.15339075061,2.26127043637,0.0
1.77065171494,-0.0838365132426,0.0
2.40590792763,2.69845084535,0.0
2.69404317898,0.688849654947,0.0
1.61480280485,0.657742589326,0.0
1.27274851976,-0.948798099668,0.0
3.32423392634,-0.0533471633977,0.0
1.8259908702,-0.0301332623408,0.0
-8.69985180201,-4.3661092741,1.0
-6.96846002031,-4.85964166315,1.0
-9.30737171944,-4.76486716605,1.0
-9.99952656738,-4.48309730289,1.0
-8.82050331934,-5.97120452576,1.0
1.13330694013,-0.115273560082,0.0
1.08310343277,0.991908885311,0.0
0.902457951265,1.28649043873,0.0
1.06357432456,-0.337104144006,0.0
3.76449847025,-0.362478299029,0.0
-3.44663590522,0.475166598262,0.0
-9.51219843748,-6.11689017061,1.0
-3.92186385052,-1.7302958858,0.0
-2.25443210963,-0.616206002657,0.0
1.59052455686,-0.208269181102,0.0
-10.4346030974,-4.95945274127,1.0
1.03665728097,-1.16843194226,0.0
-8.56637655206,-3.98793397884,1.0
-9.26253718758,-5.07211925588,1.0
-4.16354036658,-1.15113451122,0.0
-4.93295621526,0.0575732771066,0.0
-8.33826161906,-6.78456685842,1.0
2.25361690274,-0.444425999649,0.0
-10.0393552054,-5.39947509792,1.0
-8.50263890665,-4.60868269675,1.0
-3.66085571552,0.610909758115,0.0
2.32011028704,-0.936001885195,0.0
-9.40867487919,-5.70667092594,1.0
3.16330039897,0.904964870889,0.0
-6.1830919019,0.16104206301,0.0
-9.31520873637,-6.68544597948,1.0
-8.06704216236,-0.369191762714,1.0
-5.65922213787,2.15681280634,0.0
-6.00610232152,0.593789867832,0.0
2.98095945583,0.46106047026,0.0
-10.358764218,-5.18626900975,1.0
3.58347543368,0.912011077952,0.0
-8.13043676291,-6.56979908983,1.0
-8.08054059586,-6.70844253311,1.0
-4.30659290732,-0.61090125475,0.0
-3.29961772398,0.11103843271,0.0
2.06871105979,1.24567316104,0.0
-5.30202083795,0.0206683265485,0.0
1.75568755107,2.48838668822,0.0
-10.0915003718,-8.1239044705,1.0
-8.94198682936,-5.02090380713,1.0
2.63197229225,1.11581847008,0.0
-8.69782572949,-5.38502460534,1.0
2.17774482522,-0.230950773091,0.0
-4.8132855243,-1.95420147211,0.0
3.07746789941,0.487509167416,0.0
1.79667877739,0.62679289675,0.0
-9.86966734883,-5.63715280877,1.0
-8.39159665044,-5.54185248492,1.0
3.74268630229,-0.750223165336,0.0
-4.24510842231,-1.34377846104,0.0
2.10525138912,2.70541222546,0.0
1.70395819727,1.62029035174,0.0
1.77823104062,1.22521465037,0.0
-3.82150619824,0.720195642372,0.0
-3.36415608944,2.04166974715,0.0
-5.44770217653,0.603148465232,0.0
-9.44434094384,-5.35789023912,1.0
1.89336462536,0.579542664216,0.0
0.71681462902,-0.149687003705,0.0
1.85634303569,-0.0281640375911,0.0
-8.97066225212,-3.55452600258,1.0
-2.74052565139,-0.0342520645248,0.0
-4.77290509861,-1.58866623294,0.0
-3.45004898383,1.16586759889,0.0
1.52702055713,-0.31953729519,0.0
-6.05962461295,-0.205642350115,0.0
-4.48816448094,-0.0117397538507,0.0
-4.52764257346,2.18523640927,0.0
-9.85086004235,-5.58603249027,1.0
-10.7214317278,-4.68977828848,1.0
-5.59707430511,-0.368615719515,0.0
-4.40470855964,0.197476838791,0.0
-9.39119858667,-6.97666578573,1.0
-4.90772601416,-1.3401250294,0.0
-8.064756718,-4.60952602408,1.0
-10.3039378518,-3.77487748997,1.0
-6.85864114555,-0.636192966182,1.0
-5.9987757965,-0.251876340555,0.0
-7.20954532767,1.27498590673,0.0
2.84647742974,0.467303820954,0.0
-3.96828808345,1.10176778288,0.0
-9.36271846741,-5.43693099955,1.0
-4.02337038065,-0.15757065561,0.0
-8.93954673328,-4.70952065068,1.0
-8.10770152073,-5.62874418798,1.0
1.37974376659,2.47571058457,0.0
-9.8306040085,-6.36381090845,1.0
-8.8590042801,-5.65593623474,1.0
-4.02405213257,0.633175927841,0.0
1.18061217811,0.605627234145,0.0
2.70662259679,-1.03544111022,0.0
1.74394037307,-1.47838823639,0.0
-8.58892597307,-4.49636007271,1.0
-4.57005583407,1.06754612427,0.0
1.74541266299,-0.821458789301,0.0
-4.78778566313,0.119355300482,0.0
-2.84801271292,-0.337575171933,0.0
-8.96763240683,-5.11894025622,1.0
-8.32328677651,-5.90847906024,1.0
2.18686140376,-0.61387937658,0.0
-6.9570165188,-6.1682946692,1.0
2.94324095123,1.31994911731,0.0
-9.64752193409,-5.26931044843,1.0
-7.15197664912,-6.01368364981,1.0
-1.87209722918,-0.357939079813,0.0
2.35569918312,0.512984111367,0.0
-3.35112600064,0.0348986828112,0.0
-9.40196134926,-6.25982886845,1.0
-4.99086840081,-0.52511141951,0.0
1.32467441637,0.4733443247,0.0
1.47488161642,-1.08822241165,0.0
1.57104116158,0.120535721851,0.0
-3.39998204099,-0.289819068915,0.0
-4.02616921777,0.442004309236,0.0
2.23299426479,-1.07331079952,0.0
-6.51544553467,-5.3711329327,1.0
-4.77944024403,-0.680511724293,0.0
-8.68876616135,-5.71716086483,1.0
1.95848891876,0.200633580056,0.0
-8.75663008984,-4.44326740437,1.0
-3.98674745543,0.486485235223,0.0
-4.65043164228,-0.205698835162,0.0
-9.16117712481,-5.30339927955,1.0
-4.61697121805,-0.0190793669784,0.0
-8.76055767413,-5.60819959369,1.0
-3.79626138259,-1.39053349888,0.0
1.52133003897,1.82418468831,0.0
-3.6869534587,-0.157777099935,0.0
2.78895550061,-0.188894770429,0.0
-5.06587063804,-0.702316782699,0.0
3.21339519189,0.720761281913,0.0
-9.45608272667,-4.27122807932,1.0
-4.67242341159,0.0580042528278,0.0
-3.59082483751,0.325637558585,0.0
-5.74617294642,-0.424149312266,0.0
-10.3531536441,-6.61866217038,1.0
1.08732401956,1.00368550677,0.0
1.55198820463,0.378519385264,0.0
-3.61947286793,-1.32241015326,0.0
-10.3656091611,-3.79354953873,1.0
2.55994673362,0.208751248034,0.0
-4.09644508792,0.260528023262,0.0
-10.6374726035,-3.88831828567,1.0
1.82386290365,-0.786915931758,0.0
-9.28238685312,-5.2444602877,1.0
2.14055272049,-0.0163714341826,0.0
-3.49787141054,-0.760038420119,0.0
1.97941149455,1.46267982564,0.0
2.4250852111,2.34518277424,0.0
-3.68901539023,-0.101057289718,0.0
0.112619374342,1.73677123568,0.0
2.57800571143,1.2376552708,0.0
-3.68965466506,-0.832655379548,0.0
2.98544800418,-0.612800647222,0.0
-9.19103813487,-4.1124405097,1.0
-9.32124010838,-4.33009600008,1.0
2.57326367358,0.27911420668,0.0
1.18536130649,0.267442049206,0.0
0.427975794623,0.217542679563,0.0
-3.3418485954,-0.207312107984,0.0
-11.0577762201,-4.75430605689,1.0
2.67109434036,0.51734681591,0.0
-7.54058278613,-1.26558228716,1.0
-0.918090705143,-0.543808014745,0.0
-10.0751397574,-5.16614065928,1.0
-4.51206745129,-0.314865267654,0.0
1.82648510666,0.257387260933,0.0
3.13263280188,-0.69696221929,0.0
-9.66496279225,-3.51732659693,1.0
-3.67940628823,-0.478642676003,0.0
-10.6815729003,-4.33209993971,1.0
-3.99407521196,-0.590546248875,0.0
-5.72059737339,-0.109244063334,0.0
-6.80879084671,-4.62062956195,1.0
-4.18316045198,0.84608235593,0.0
3.02554999179,0.438754797051,0.0
-10.7264443739,-5.14517961439,1.0
-8.65588573347,-4.69632989443,1.0
0.725290127988,-0.0829283298333,0.0
0.0698939019918,-2.20194002921,0.0
1.31433121174,0.147962864479,0.0
-0.0731706116805,1.28059048769,0.0
-8.53952706098,-4.17954780831,1.0
-7.97079079752,-4.9812307229,1.0
-9.01355969952,-5.6252642205,1.0
1.84518260776,1.59617479174,0.0
-4.07786811818,-0.827173220666,0.0
-9.41273728055,-5.19814989666,1.0
-9.19109472347,-4.1671306495,1.0
0.238860057934,0.110783474603,0.0
-5.78391696856,-0.445923023519,0.0
0.628911185148,2.31996247323,0.0
-9.35550549726,-5.62613759232,1.0
-10.4553100476,-5.50838882827,1.0
-7.32577178033,-5.94462591135,1.0
2.94536786982,0.704613683567,0.0
-7.403137027,-4.69728368355,1.0
-5.87785942803,-0.447317475907,0.0
-10.9229296341,-4.215832411,1.0
-8.57969600267,-7.3770919639,1.0
-7.48397208513,-4.99766663335,1.0
-9.34818002893,-5.90430599265,1.0
-5.12749927204,-1.64652889606,0.0
-4.97534863109,-0.445968571652,0.0
2.56395479435,-0.240287554668,0.0
0.901405101417,0.885750127914,0.0
-9.51153341005,-3.74424182056,1.0
-8.61551240588,-5.17693757342,1.0
-4.80551647798,-0.878619612021,0.0
-0.0589522392904,-1.95680202997,0.0
-9.09771382901,-6.40317761879,1.0
-5.19776090745,-0.151966139949,0.0
1.8284893075,0.344847259097,0.0
-9.74418413606,-6.08327011329,1.0
3.26092032451,0.228721510791,0.0
-6.85390684546,-1.89421968182,1.0
-7.81410625416,-4.94989900796,1.0
-4.77470092185,-1.20868838905,0.0
-5.55654400577,-1.6018174589,0.0
-8.30572542627,-5.050332426,1.0
0.612259957162,0.795037655606,0.0
-5.17398168659,1.49992921792,0.0
1.2292565135,2.01096608465,0.0
-7.31675666938,-4.11494101382,1.0
-2.51343539406,0.0982389495276,0.0
2.48399461486,0.788923928715,0.0
1.0034006801,1.2238017387,0.0
1.2240343157,0.31259834236,0.0
-5.4416675415,0.308429894876,0.0
-4.81344402331,-0.0637573076133,0.0
-5.2917504182,0.265807458664,0.0
-0.155623084776,0.550457747138,0.0
-8.35296996824,-6.13661509027,1.0
-4.83952985005,-0.617595471501,0.0
-4.18940170262,0.160452784263,0.0
-8.75318834302,-5.11256789025,1.0
-10.3883219912,-5.96216989626,1.0
-5.50688465842,0.603986948974,0.0
-4.23538375266,1.00167436782,0.0
-5.30348070452,-0.140212383757,0.0
-4.30277285676,1.58000710064,0.0
-7.45868338503,-4.80152415983,1.0
1.51623419468,-1.49183921983,0.0
-3.70343257946,-1.08797752373,0.0
-2.63411347462,-0.147740554902,0.0
1.87263955931,0.249808964687,0.0
-5.96081049194,0.460815643467,0.0
-4.05900900323,0.478573004229,0.0
2.90195619564,1.50040308389,0.0
-9.61459713834,-4.91848716397,1.0
-9.40870707275,-5.37187254255,1.0
-8.97309568768,-4.47894399494,1.0
3.02761282405,0.286360582409,0.0
-8.01128335781,-5.5433394818,1.0
-8.04150698543,-5.94869980036,1.0
2.76515159261,-0.140993142396,0.0
-5.53371223004,-0.693977942143,0.0
-8.63185790548,-4.70568833028,1.0
-9.04679136488,-6.31602107161,1.0
-5.43392509914,-0.310491532046,0.0
2.4851599534,2.97455969175,0.0
-9.84880175869,-4.48634770496,1.0
3.41563984778,0.175843401466,0.0
1.28478296045,0.685053459376,0.0
1.93069326274,0.15248150592,0.0
-5.23970240377,-0.440420131078,0.0
-8.29670947371,-6.06388777928,1.0
2.16249306038,1.80840361338,0.0
-8.17903314321,-7.07087597011,1.0
-4.17254248614,0.0178260189723,0.0
2.66772529528,-0.201313430066,0.0
-7.39545551898,-6.69769439483,1.0
-3.81142010467,-0.128327728561,0.0
-4.43316354814,-1.03289234424,0.0
-9.45105298974,-6.63401356956,1.0
-8.76873914945,-5.94591298409,1.0
2.02043842468,0.317774817424,0.0
1.09665167388,1.44132118949,0.0
-9.57182440594,-5.44375563201,1.0
0.229726916853,0.266714314748,0.0
-4.7007693771,0.673109322525,0.0
-8.56140073772,-6.04428858673,1.0
-9.55675199501,-5.16951181098,1.0
-3.84620393787,0.678379491145,0.0
-10.0116458108,-5.20745412055,1.0
1.29392603875,0.927378295808,0.0
-3.84934423829,0.8134698543,0.0
1.52421646764,1.93685677694,0.0
1.18354829481,0.648904277287,0.0
0.845428341055,0.844349723936,0.0
-5.92713947282,0.413830752555,0.0
2.54646617265,0.56195684893,0.0
-7.97264578543,-6.74051632971,1.0
-5.00910109396,-0.0560871125671,0.0
-8.7132392136,-5.79629478223,1.0
2.17323726424,-0.221224768825,0.0
-7.35707711205,-4.41419517579,1.0
-10.3119040017,-5.16190080154,1.0
-4.36958354105,-0.755980029525,0.0
1.01227655833,0.0559706552044,0.0
-5.89987865674,-0.00529664963517,0.0
-9.06736376462,-4.90917517038,1.0
-4.44900387828,0.508404813629,0.0
-4.72706710105,0.663660179546,0.0
1.95330778562,-0.250116926543,0.0
-9.35461298619,-4.83535834807,1.0
-9.91323030152,-5.23407402387,1.0
2.22438145478,-1.84065707326,0.0
-5.14175884115,-0.582256810659,0.0
-5.1852065562,0.781993479548,0.0
-5.70143086727,-1.53469980462,0.0
-3.58543735196,0.160256151039,0.0
-9.14052121237,-5.07488107591,1.0
-5.4370584697,1.47423107856,0.0
-8.05529402958,-4.66667373116,1.0
-7.49676990455,-4.79577829836,1.0
1.40910099318,-0.274366230489,0.0
0.403298814095,0.199757201426,0.0
1.91918130924,1.67895825634,0.0
-4.7824497696,-0.143501232683,0.0
-8.0215064582,-6.16102213721,1.0
-3.85770594749,-0.185823859457,0.0
-4.48037503476,0.112575805866,0.0
-9.50483489822,-8.09049054461,1.0
2.99824744114,3.06534847773,0.0
-4.58448578866,0.827928441,0.0
-9.29645378676,-4.13462023646,1.0
-7.88034897095,-6.93851400187,1.0
-10.2010804137,-6.52542525257,1.0
-4.81583096534,-1.24036246925,0.0
-5.47195826489,0.372698367906,0.0
-4.88015387681,-0.253165969314,0.0
2.3794605255,0.0478893853095,0.0
-2.96016864167,-1.15753865168,0.0
-4.30797261327,0.877900409001,0.0
1.33124561775,1.13506840342,0.0
3.06749680822,2.52426725456,0.0
-9.21380043413,-6.33298274908,1.0
0.0918691307774,-1.45618105105,0.0
-7.32369129138,-4.89060279329,1.0
-5.10432363043,-0.53797215686,0.0
-8.219400927,-5.08488908622,1.0
2.18188579532,0.276731500886,0.0
-8.34505248831,-4.79287304098,1.0
-9.04231065742,-5.73226379987,1.0
-10.3391181738,-6.60444066888,1.0
1.73796805274,0.400813173118,0.0
1.48722860245,0.0641877645474,0.0
-3.81871265671,-0.284387000502,0.0
0.889075184093,0.723285229728,0.0
-9.55195613596,-5.41172519146,1.0
-9.1407387202,-6.54237511959,1.0
1.17898953777,-0.76143782607,0.0
-10.1985352405,-6.06578427679,1.0
1.78319055889,1.10890899363,0.0
-4.64596885141,2.31256623424,0.0
2.29122271224,-1.38206904558,0.0
2.36377641235,1.30407057535,0.0
-3.89096984518,0.408679736733,0.0
-5.59976047964,-0.567752517343,0.0
2.17516936472,1.48386741827,0.0
-8.75738708936,-5.35660716594,1.0
-5.46072163877,0.779642033365,0.0
-9.12782349167,-4.74858075986,1.0
-9.82051029306,-3.58518989451,1.0
-2.53547067583,1.16466844209,0.0
-4.19769717755,-0.965204621288,0.0
-7.75907899536,-5.67948559419,1.0
-3.56603543962,-0.718536386255,0.0
-5.08535420192,-0.181231132403,0.0
-4.7392574335,-0.34518323908,0.0
-9.54453831567,-6.24936672028,1.0
-7.61498172736,-6.58814800028,1.0
-3.86519786721,0.611874878038,0.0
2.59429560231,1.70557211038,0.0
-4.12133687161,0.909924528464,0.0
-4.68578762565,-0.64443059302,0.0
-3.79878242767,-0.114847386125,0.0
-4.88491411483,0.292566457792,0.0
-4.76134177036,-0.929138630331,0.0
-8.85924579326,-6.06427628116,1.0
-5.6282600331,-0.0808383711769,0.0
-9.80829007988,-3.93763375597,1.0
-9.32361504934,-5.39530890557,1.0
2.37059994249,1.43772012,0.0
1.824136417,1.40596511682,0.0
-2.79130332989,-0.107087077008,0.0
-8.72824256629,-4.62857273512,1.0
-5.68668062131,1.02340925894,0.0
-10.7949204457,-5.30067691103,1.0
-8.00141039939,-5.67947356317,1.0
2.78431700999,-0.886001490805,0.0
-8.97852156145,-5.87976721952,1.0
-7.69391880338,-6.69618950764,1.0
0.598698219997,-1.0188205997,0.0
1.84265972073,0.417870139096,0.0
-10.2148036937,-6.61139610761,1.0
1.81869580562,0.519582825736,0.0
-5.17138181873,0.375233507585,0.0
0.934987313563,-0.468516907788,0.0
-9.57501260284,-6.43404451789,1.0
-9.57105916378,-7.77475662574,1.0
-3.36604483666,-0.435523429731,0.0
3.86995792387,1.06985984076,0.0
2.00509975453,-0.09537393252,0.0
-3.39860930926,0.961481058604,0.0
1.33466005552,0.408682600841,0.0
2.42834685599,-0.588518690255,0.0
-7.63181513334,-5.15767513561,1.0
2.01667010565,0.526736456986,0.0
-4.50786704917,0.274732695785,0.0
3.98107978127,-0.873505153341,0.0
-8.62139194307,-3.44924907754,1.0
1.95562660842,0.889593196598,0.0
1.88354867242,0.0716747636742,0.0
2.45045023313,0.933887489225,0.0
-8.41772579616,-6.22958552613,1.0
-7.55683362054,-5.32341638485,1.0
-9.18691976152,-6.16623621108,1.0
-8.59164045452,-7.65934937352,1.0
-3.43424271541,-0.90659608846,0.0
-8.71654419667,-6.23218979137,1.0
-2.9539800435,0.539927799963,0.0
-6.07130077396,0.391495015967,0.0
-7.36872706395,-4.87129265297,1.0
-8.33453195211,-6.19711206266,1.0
2.09989473303,0.584814726808,0.0
0.551508588641,0.658057768854,0.0
5.67676703062,-1.83908463652,0.0
-4.51715376121,-0.403988225695,0.0
-5.27969895885,0.243183098407,0.0
-3.41087473451,-0.768247472025,0.0
-9.95859239939,-6.00875630144,1.0
1.38055491806,-0.147268615617,0.0
2.74779935657,-0.0798507950279,0.0
2.87455174745,0.221075141299,0.0
-4.50357516585,-0.674530251226,0.0
1.39908841797,-0.49593261198,0.0
-3.46032824766,-0.561437615426,0.0
-8.4518103255,-5.06412718105,1.0
-3.52277797392,-0.645836033342,0.0
1.07173392296,0.074858887445,0.0
-9.6714316585,-5.64254566707,1.0
2.0048308241,0.731082846725,0.0
3.75551436934,0.421185808882,0.0
-8.19997351072,-5.88754254318,1.0
2.29518185144,0.42298042266,0.0
-10.4131857168,-4.82045831223,1.0
-3.87457038858,-0.646362411689,0.0
-5.09853559805,0.0462952804816,0.0
-3.12574900787,-0.639725603813,0.0
3.53201523144,0.232156851895,0.0
4.96462115663,-0.289895461797,0.0
1.54671924249,0.569117639052,0.0
-8.56202982076,-4.95906915989,1.0
2.95978315904,-0.349125044006,0.0
1.44663672011,1.82213222493,0.0
2.37861143615,2.46900718989,0.0
-4.57032376829,0.0733386901294,0.0
-7.66674210564,-5.30009759032,1.0
-9.76362314878,-3.90611502276,1.0
-9.47350156379,-5.12144452889,1.0
1.87637168032,0.483685122301,0.0
-3.99762404334,-0.133270186408,0.0
0.673580509973,0.839078365351,0.0
-9.25736080393,-5.72654504777,1.0
-2.96986303025,0.703143685749,0.0
-3.9800746881,-0.707693048794,0.0
3.0807300321,1.07428030772,0.0
3.13214965176,1.53201837667,0.0
-6.42614490294,-4.13788188993,1.0
3.91281737107,1.07028604532,0.0
-9.8802750905,-6.25362150502,1.0
-8.66541549827,-5.81125295139,1.0
1.06502234586,0.738300286343,0.0
1.77143642397,-0.318114635616,0.0
0.101165166697,1.61221455432,0.0
-3.72811810402,1.19387935026,0.0
1.79747095498,-0.139651639797,0.0
-4.80409960298,1.70232366721,0.0
-6.52563679779,-0.773877062162,1.0
-3.7905601052,0.949356269328,0.0
-8.38644348921,-4.32712650141,1.0
2.14896797547,0.00566882757641,0.0
1.50969751428,0.222119167763,0.0
-8.76773341102,-4.84452831778,1.0
-7.31840025403,-7.03033474624,1.0
-3.77346173206,0.376394135416,0.0
-9.10044791535,-6.9855853747,1.0
-8.72431634698,-6.37918645411,1.0
-8.02704410839,-6.41665354902,1.0
-0.283448747659,-0.269166846754,0.0
-8.99933496612,-5.15426779314,1.0
-7.5435183721,-7.26834758419,1.0
2.55542039802,1.81410981832,0.0
-2.44865809009,0.51074655614,0.0
-10.4990692117,-5.58560883079,1.0
-3.40754390485,0.694633225025,0.0
-9.34481785578,-7.1819691706,1.0
-5.13206285728,-0.81160926719,0.0
-5.67990260119,1.21779843778,0.0
-7.99036632528,-5.34713104611,1.0
-4.07586100771,-0.261748498135,0.0
-4.36005512464,0.561807280045,0.0
-3.99516923228,-0.373567232097,0.0
-7.69503681395,-4.00900511852,1.0
-6.43073905799,0.310582530305,0.0
-7.02255138389,0.202533617188,0.0
-10.7086922436,-4.42601601531,1.0
-3.18617353151,-0.44455259042,0.0
1.29737534293,1.10267360746,0.0
-4.39476413879,0.490525069336,0.0
3.87952643035,1.79781589545,0.0
-7.44580625057,-4.92794371132,1.0
0.810719022128,-0.44580808672,0.0
1.25376239588,0.381373679207,0.0
1.67451730205,1.5551410743,0.0
-8.16056105518,-4.75634546735,1.0
-4.64172428954,-0.204843861287,0.0
1.14180345727,-1.87272588872,0.0
-10.2505992884,-6.11064534605,1.0
-9.06021228173,-4.16750120213,1.0
2.137597883,1.39399431724,0.0
-4.30216484067,0.620788279098,0.0
1.22443634774,-0.486873387996,0.0
-0.754146852638,-0.331210938083,0.0
2.28639849804,-0.391690781689,0.0
1.60979021518,1.89897922864,0.0
-9.60952568944,-5.66737909406,1.0
-4.55585885646,0.0825283838909,0.0
-5.11413195083,1.4975265077,0.0
1.77019954405,2.19359710819,0.0
-10.0883331871,-5.01179914792,1.0
2.35322810519,-0.0344830584447,0.0
-8.52719216693,-6.72687624129,1.0
-4.06220785007,0.950773286888,0.0
1.36105254581,-0.907491862647,0.0
-0.354141108142,0.712241630228,0.0
1.88577252122,0.00141185693083,0.0
